 0 69 97 18 30 71 113 76 35 97 38 19 72  1 101 31 41 92 29 76 52 90 34 50 72 104 23 75 34 48 
69  0 31 60 50  2 101 12 43 30 77 86 54 68 60 39 27 144 83 128 115 21 47 30  8 50 61 72 38 68 
97 31  0 84 73 29 95 34 65 30 97 112 57 96 44 69 57 162 113 146 145 19 69 60 25 59 85 76 63 84 
18 60 84  0 12 62 94 69 19 89 25 27 54 18 83 29 34 88 47 72 71 81 16 49 61 102  5 57 22 31 
30 50 73 12  0 52 85 61  8 81 27 39 43 29 71 28 28 94 57 78 82 71  4 46 51 96 11 48 14 26 
71  2 29 62 52  0 101 12 44 28 79 88 54 70 59 42 30 146 85 129 117 19 49 32  7 49 63 73 40 70 
113 101 95 94 85 101  0 114 85 123 80 112 48 113 51 110 102 110 142 101 163 109 83 120 94 149 90 37 93 65 
76 12 34 69 61 12 114  0 53 21 88 94 67 75 70 45 35 155 85 139 117 17 58 29 19 37 71 85 47 80 
35 43 65 19  8 44 85 53  0 73 34 46 39 34 65 25 22 101 60 85 87 63  4 41 43 89 19 48  8 30 
97 30 30 89 81 28 123 21 73  0 108 115 79 96 74 66 56 175 105 158 137 13 77 49 32 28 91 99 67 98 
38 77 97 25 27 79 80 88 34 108  0 32 51 38 83 53 56 67 67 50 83 97 30 73 76 124 20 45 42 17 
19 86 112 27 39 88 112 94 46 115 32  0 78 20 109 49 59 73 39 58 51 107 43 70 88 123 28 76 48 47 
72 54 57 54 43 54 48 67 39 79 51 78  0 72 31 62 54 109 99 94 125 66 39 71 48 104 51 19 46 34 
 1 68 96 18 29 70 113 75 34 96 38 20 72  0 100 30 40 92 29 77 53 89 33 50 71 103 22 75 33 48 
101 60 44 83 71 59 51 70 65 74 83 109 31 100  0 84 72 138 125 124 153 61 67 86 52 102 80 45 69 66 
31 39 69 29 28 42 110 45 25 66 53 49 62 30 84  0 12 117 44 101 75 60 28 21 44 74 33 73 17 54 
41 27 57 34 28 30 102 35 22 56 56 59 54 40 72 12  0 122 56 105 88 48 26 19 31 67 37 67 14 52 
92 144 162 88 94 146 110 155 101 175 67 73 109 92 138 117 122  0 111 16 108 164 97 138 143 190 85 93 108 78 
29 83 113 47 57 85 142 85 60 105 67 39 99 29 125 44 56 111  0 97 32 102 60 56 88 105 51 104 55 77 
76 128 146 72 78 129 101 139 85 158 50 58 94 77 124 101 105 16 97  0 97 147 80 122 127 173 68 80 92 62 
52 115 145 71 82 117 163 117 87 137 83 51 125 53 153 75 88 108 32 97  0 134 86 88 119 136 74 126 84 97 
90 21 19 81 71 19 109 17 63 13 97 107 66 89 61 60 48 164 102 147 134  0 67 46 20 41 82 85 59 87 
34 47 69 16  4 49 83 58  4 77 30 43 39 33 67 28 26 97 60 80 86 67  0 45 47 93 15 46 12 26 
50 30 60 49 46 32 120 29 41 49 73 70 71 50 86 21 19 138 56 122 88 46 45  0 37 53 53 86 32 71 
72  8 25 61 51  7 94 19 43 32 76 88 48 71 52 44 31 143 88 127 119 20 47 37  0 55 62 67 39 66 
104 50 59 102 96 49 149 37 89 28 124 123 104 103 102 74 67 190 105 173 136 41 93 53 55  0 105 122 81 117 
23 61 85  5 11 63 90 71 19 91 20 28 51 22 80 33 37 85 51 68 74 82 15 53 62 105  0 52 23 26 
75 72 76 57 48 73 37 85 48 99 45 76 19 75 45 73 67 93 104 80 126 85 46 86 67 122 52  0 56 28 
34 38 63 22 14 40 93 47  8 67 42 48 46 33 69 17 14 108 55 92 84 59 12 32 39 81 23 56  0 38 
48 68 84 31 26 70 65 80 30 98 17 47 34 48 66 54 52 78 77 62 97 87 26 71 66 117 26 28 38  0 

 0  0  0  0 3086  0 34  0 1763 144 780  0  0  0  0  0  0 13724 14546  0 61048  0  0 8029  0  0  0 14  0  0 
 0  0  0  0  7 3948 90 177  0  0 17  0  0 15060  0  0 34 17  0  0  1 143 45  0  0 24  3  0  0  3 
 0  0  0  6  1  0  0  0 21  4  0  0  1  0  0  3 85  0  0  0 82303  0 45593  0 11 156  0  0  0 2848 
 0  0  6  0 2479  0  2  4 16 14537  0  0  6  3  0  0  0 78446  0  4  2 1553  2 80243  0  0 15 38880 43 5421 
3086  7  1 2479  0 317  1  0 2388  0  0  0  0 206 168 15338  0 122  1 34463  0 22733 4126  0  0 10481 2772 257  0  0 
 0 3948  0  0 317  0  0  0  0 12  2  0 14165  2 1001  0  0  0  0  7 75 71  0  0  0 1987 1278  0  0  0 
34 90  0  2  1  0  0 1271  0  7 12  0  0 63571 154  0  0  0  0  0 75  0  0 7566 31  6 33456  1  0 13068 
 0 177  0  4  0  0 1271  0  0  0 95  0  5  1  3  0  1  0  0  0 3315  0 3970  0  0  0 13417  0 33846  0 
1763  0 21 16 2388  0  0  0  0 32666 10 14857  4  0  0 36  0  0  0  0  0 384 3606 4486 66614  1 901  0 4649  0 
144  0  4 14537  0 12  7  0 32666  0  0 474  0 64  0 738 7765 112  0 26  2  0  3  0  0 13606 10947 46789  1 7377 
780 17  0  0  0  2 12 95 10  0  0 27359  0  0  1  0  0  0 1590  0 25168 64  0  3  0 11  0  0 39 12 
 0  0  0  0  0  0  0  0 14857 474 27359  0  2 4528  0  0 112  0 33677  0  0  0  0  2  0  0  0  0  0 64204 
 0  0  1  6  0 14165  0  5  4  0  0  2  0  0 19 24 20 2131  5 339  0  0  0 58923  0  0 43332  0 21780 2114 
 0 15060  0  3 206  2 63571  1  0 64  0 4528  0  0 4175  0 437  0  2  0 11  4  0 108  0  0  0  9  0  0 
 0  0  0  0 168 1001 154  3  0  0  1  0 19 4175  0  0  0  0 5043 3009  0  6  1 17 179  0  0  0 17  0 
 0  0  3  0 15338  0  0  0 36 738  0  0 24  0  0  0  0  0  0  0  0  0  0 2609 74 19  0  0  5 3677 
 0 34 85  0  0  0  0  1  0 7765  0 112 20 437  0  0  0 20457 5335 213  0  2  0 13  0  2 13  0  0  0 
13724 17  0 78446 122  0  0  0  0 112  0  0 2131  0  0  0 20457  0  0 16970 92  0 4999 35940  0  0  0 458  0  0 
14546  0  0  0  1  0  0  0  0  0 1590 33677  5  2 5043  0 5335  0  0  0  0 248 61275  0  9  0  0  0  0 10 
 0  0  0  4 34463  7  0  0  0 26  0  0 339  0 3009  0 213 16970  0  0 5762  1  0  0  0  0 4327  0  0 268 
61048  1 82303  2  0 75 75 3315  0  2 25168  0  0 11  0  0  0 92  0 5762  0 20 1731 3054 340  1 24  0  0  0 
 0 143  0 1553 22733 71  0  0 384  0 64  0  0  4  6  0  2  0 248  1 20  0  0  0  0 409 59915  0 230  0 
 0 45 45593  2 4126  0  0 3970 3606  3  0  0  0  0  1  0  0 4999 61275  0 1731  0  0  0 40  0  0 6032  0  0 
8029  0  0 80243  0  0 7566  0 4486  0  3  2 58923 108 17 2609 13 35940  0  0 3054  0  0  0  0 473 240  0 15 40 
 0  0 11  0  0  0 31  0 66614  0  0  0  0  0 179 74  0  0  9  0 340  0 40  0  0  0 216  0  0  0 
 0 24 156  0 10481 1987  6  0  1 13606 11  0  0  0  0 19  2  0  0  0  1 409  0 473  0  0  0  0  0  0 
 0  3  0 15 2772 1278 33456 13417 901 10947  0  0 43332  0  0  0 13  0  0 4327 24 59915  0 240 216  0  0  0 5724  0 
14  0  0 38880 257  0  1  0  0 46789  0  0  0  9  0  0  0 458  0  0  0  0 6032  0  0  0  0  0  0  0 
 0  0  0 43  0  0  0 33846 4649  1 39  0 21780  0 17  5  0  0  0  0  0 230  0 15  0  0 5724  0  0  0 
 0  3 2848 5421  0  0 13068  0  0 7377 12 64204 2114  0  0 3677  0  0 10 268  0  0  0 40  0  0  0  0  0  0 

 0 105 182  1  0 17  1 1504  0  0  0  5  2  0  0 749 1567  0  0 3946  0 4726  0  0 1085 16042  6  0 9394 15570 
105  0 448 2143  1  0  0  0 3018  0  0 8142 7227  0 345  3  0  0 38 31  2  0  0 795  0  0  0 31 181  0 
182 448  0  0 23 11 3984 495  0  0 74459 73519  1 64  0 1345  0 165 17182  4  0 63228  0 1934  0  0 73667  0 57  0 
 1 2143  0  0  0 83  0  5  0  0 368 1709  0  4 11162 1488  1  0 86616  0  0  0  0  0 285  2  0  0  0  0 
 0  1 23  0  0  0  6  0  0 4755 30 5262 134  0  0  0 102  0  0  0 2820  0  0  0  3  0  0  0 37009 2968 
17  0 11 83  0  0 412  0 44425  0  8 12641  0  0  0 131 1194 510 15515  0  0  0 36901 791  0  0  0 43  3 45 
 1  0 3984  0  6 412  0  0 61  0  1 30 978  0  1 1365  4 7835 21301 118  0 1459 1608  0  0  1  0  0 6236  0 
1504  0 495  5  0  0  0  0 15 812  0 6919  0 839  0 2824  1  1 2846 22  0  1  0 12  0  0  0 32551  0 3994 
 0 3018  0  0  0 44425 61 15  0  0  0  0  1 193 36564  0 17086 31 33678 94463 361  0  0  0  0 16  0  0  0  0 
 0  0  0  0 4755  0  0 812  0  0  0  0  6  0  1  0  0  0 82425  0  0 33  0 18267 21182  0  0  0  1  0 
 0  0 74459 368 30  8  1  0  0  0  0  0 163 310  0 459 4069 89  0  0  0  0 36731  0  0  0  0  2  0  0 
 5 8142 73519 1709 5262 12641 30 6919  0  0  0  0 16  0 91923 1620  0 86  0 45134 1603  8 16503 13  2  0  0 14754 17  0 
 2 7227  1  0 134  0 978  0  1  6 163 16  0 40533  0  0  2  0  0  0  0 96 84470  0 37664  4  0 20618  0  0 
 0  0 64  4  0  0  0 839 193  0 310  0 40533  0  0  3  0 6238 10 15273  0  0 16  1 132 27508 9294  4 68 57 
 0 345  0 11162  0  0  1  0 36564  1  0 91923  0  0  0 21787 778 141  0  0  8  0  1  0  0 120 434 29783  2 22186 
749  3 1345 1488  0 131 1365 2824  0  0 459 1620  0  3 21787  0 3165 22704 2772 3876  0 1173  0  0  0  5 30 30  0  0 
1567  0  0  1 102 1194  4  1 17086  0 4069  0  2  0 778 3165  0  0  0  0  7  1 83  0 3632  0  1  0 2169 623 
 0  0 165  0  0 510 7835  1 31  0 89 86  0 6238 141 22704  0  0 336  0  0  0  0  0 102 81354 48616  0 89844  0 
 0 38 17182 86616  0 15515 21301 2846 33678 82425  0  0  0 10  0 2772  0 336  0  0 544  0  0 268  0 75  1 72  0  0 
3946 31  4  0  0  0 118 22 94463  0  0 45134  0 15273  0 3876  0  0  0  0  0  0 175 51  0 538  0 28 161  0 
 0  2  0  0 2820  0  0  0 361  0  0 1603  0  0  8  0  7  0 544  0  0  0  0  0  0  0  0 89721 155 22000 
4726  0 63228  0  0  0 1459  1  0 33  0  8 96  0  0 1173  1  0  0  0  0  0 58 26563 531  0  0  1  0 54 
 0  0  0  0  0 36901 1608  0  0  0 36731 16503 84470 16  1  0 83  0  0 175  0 58  0 44761  1 88960 821  0 173 29 
 0 795 1934  0  0 791  0 12  0 18267  0 13  0  1  0  0  0  0 268 51  0 26563 44761  0 45484  0  0  2  0  0 
1085  0  0 285  3  0  0  0  0 21182  0  2 37664 132  0  0 3632 102  0  0  0 531  1 45484  0 270  0 3609 10 269 
16042  0  0  2  0  0  1  0 16  0  0  0  4 27508 120  5  0 81354 75 538  0  0 88960  0 270  0 7768  2 53394 2774 
 6  0 73667  0  0  0  0  0  0  0  0  0  0 9294 434 30  1 48616  1  0  0  0 821  0  0 7768  0 647  0 476 
 0 31  0  0  0 43  0 32551  0  0  2 14754 20618  4 29783 30  0  0 72 28 89721  1  0  2 3609  2 647  0  0 12008 
9394 181 57  0 37009  3 6236  0  0  1  0 17  0 68  2  0 2169 89844  0 161 155  0 173  0 10 53394  0  0  0  0 
15570  0  0  0 2968 45  0 3994  0  0  0  0  0 57 22186  0 623  0  0  0 22000 54 29  0 269 2774 476 12008  0  0 
