 0 53 82 73 92 98 87 28 75 16 54 32 99 69  3  9 32 38 84 36 18 68 75 21 94 14 59  2 25 70 
53  0 41 69  3 61 12 39 12 80 55 42 17 95 77 83 64 96 31 74 37 72 13 51 86 31 66 83 68 41 
82 41  0 98 13  8 96 20 16 52 71 88 97 84  5 34 100 51 24 46 29 90 97 10 36 28 89 28 36 83 
73 69 98  0 46 57 68 68 55  3 89 51 47 39  5 60 38 94 91 12 98 74 29 73 68 37 84 67  8 84 
92  3 13 46  0 30 17 51 15 34 26 70 34 53 42 28 92 30 27 90 81 22 92 18 10 24 98 98 36 46 
98 61  8 57 30  0 71 25 74 37 92  7  1 47 88 33 17  6 40 50 86 40 82 55 28  7 84 42 10  3 
87 12 96 68 17 71  0 33 27 71 28 55  7 19 71 24 60 37 41 90  5 82 50 89 97 64 40 54 10 44 
28 39 20 68 51 25 33  0 50 25 72 48 90  7 28 77 52 38 80 26 46 17  2 36 22  6 43 72 85 39 
75 12 16 55 15 74 27 50  0 28 31 34 39 43 53 69  4 76  7  2 47 60 63  6 84  4 48 58 82 26 
16 80 52  3 34 37 71 25 28  0 51 15 93 49  5 27 95 47 48 86  1  6 47 18 19 88 73 35 97 64 
54 55 71 89 26 92 28 72 31 51  0  1 74 41 52 12  5 21 36 20 75 49  7  5 24 79 83 97 10 18 
32 42 88 51 70  7 55 48 34 15  1  0  4  2 91 38 19 61 56 65 52 60 78 48  7 91 36  5 46 25 
99 17 97 47 34  1  7 90 39 93 74  4  0 37 74  1 14 61 35 23 86 43  7 75 42 13 96 98 100 70 
69 95 84 39 53 47 19  7 43 49 41  2 37  0 37 96 81 85 39 43 10 21  6 24 98 70 76 80 92 89 
 3 77  5  5 42 88 71 28 53  5 52 91 74 37  0 60 68  6 44 53 14 57 32 79 33 74 82  3 48 48 
 9 83 34 60 28 33 24 77 69 27 12 38  1 96 60  0 21 48 72 56 36 77 31 50 22 69 61 72 72 44 
32 64 100 38 92 17 60 52  4 95  5 19 14 81 68 21  0 55 62 64 63 32 38 36  8 75 64 58 70 25 
38 96 51 94 30  6 37 38 76 47 21 61 61 85  6 48 55  0 27 68  1 21 35 19 45  5 61 64 98 24 
84 31 24 91 27 40 41 80  7 48 36 56 35 39 44 72 62 27  0 34 85 46 70 23 59 42 63 62 34 90 
36 74 46 12 90 50 90 26  2 86 20 65 23 43 53 56 64 68 34  0 47  7 67 42 60 94 90 26 99 55 
18 37 29 98 81 86  5 46 47  1 75 52 86 10 14 36 63  1 85 47  0 83 62 50 12 91 52 40 95 11 
68 72 90 74 22 40 82 17 60  6 49 60 43 21 57 77 32 21 46  7 83  0 30 25 59 56 29 96 81 50 
75 13 97 29 92 82 50  2 63 47  7 78  7  6 32 31 38 35 70 67 62 30  0 47 54 14 77 43 48 48 
21 51 10 73 18 55 89 36  6 18  5 48 75 24 79 50 36 19 23 42 50 25 47  0 94 61 50 59 89 33 
94 86 36 68 10 28 97 22 84 19 24  7 42 98 33 22  8 45 59 60 12 59 54 94  0 18 35 15 26 26 
14 31 28 37 24  7 64  6  4 88 79 91 13 70 74 69 75  5 42 94 91 56 14 61 18  0 51 100 44 33 
59 66 89 84 98 84 40 43 48 73 83 36 96 76 82 61 64 61 63 90 52 29 77 50 35 51  0 37 67 65 
 2 83 28 67 98 42 54 72 58 35 97  5 98 80  3 72 58 64 62 26 40 96 43 59 15 100 37  0 42 24 
25 68 36  8 36 10 10 85 82 97 10 46 100 92 48 72 70 98 34 99 95 81 48 89 26 44 67 42  0 82 
70 41 83 84 46  3 44 39 26 64 18 25 70 89 48 44 25 24 90 55 11 50 48 33 26 33 65 24 82  0 

 0 50 23 72  4 53 49 86 39 70 93 73 57 47 59 59 70 29 72 52 10 57 52 78 18 84 62 58 30 47 
50  0 69 27 30 45 94 76 19 55 11 34 22  2 78 75  4 97 24 28 16 75 44 96  1 20 40 14 83  8 
23 69  0 65 82 28 41 50 43 56 96  2 90 59 58  2  5 43 52 65 97 38 90  2  6  1 98 94 71 79 
72 27 65  0 63 32 18 29  7 64 99 11 98 51 19 40  7 43 36 17 84 35 72 45 17  8 13 33 20 90 
 4 30 82 63  0 68 66 84 57 81 13 93  7  6 94 10 63 35 16 87 27 33 79 70 65 74 17 17 35 19 
53 45 28 32 68  0 46  8 32 93 53 94 69 79 35 12 56 74 49 63 77  6 44 62 39 26 50 99 36 65 
49 94 41 18 66 46  0 70 63 17 94 32 36  4 11 57 15 79 98  4 94 50 67 84 71 39 85 25 88 45 
86 76 50 29 84  8 70  0 86 24 25 55 17 12 96 98 12 99  4 72 63 50 19 33 23 59 29 20 87 79 
39 19 43  7 57 32 63 86  0  2 53 24 82 27 99 65 13 38 45 17 47 84 95 44  4  5 24 25 58 57 
70 55 56 64 81 93 17 24  2  0 49 94  1 97 86 55 96 74 55 74 14 94 24 94 59 25 19 57 16 13 
93 11 96 99 13 53 94 25 53 49  0 51 64 24 20 94 99 61 92 12 23 60 37 77 27 75 37 90  6 12 
73 34  2 11 93 94 32 55 24 94 51  0 64 41 75 68  7 24 59 30 35 88 62 42 72 22 45 48 16 47 
57 22 90 98  7 69 36 17 82  1 64 64  0 99 94 48 19 76 75 14 86 62 100 12 93 44 32 39 84 57 
47  2 59 51  6 79  4 12 27 97 24 41 99  0 97  4 97 77 70 100 14 22 44 75 70 61 43 15 25 47 
59 78 58 19 94 35 11 96 99 86 20 75 94 97  0 51 11 11 24 33 30 68 57 98 99 81 50 69 14 55 
59 75  2 40 10 12 57 98 65 55 94 68 48  4 51  0  1 63 71 13 54  7 80 70 15  6 92 31 61 78 
70  4  5  7 63 56 15 12 13 96 99  7 19 97 11  1  0 48 97 21 69 70 51 80 80 78 20 17 45 74 
29 97 43 43 35 74 79 99 38 74 61 24 76 77 11 63 48  0 69 46 52 58 68 18 33 55 68 73 67 41 
72 24 52 36 16 49 98  4 45 55 92 59 75 70 24 71 97 69  0 98 45 87 20 29 34 28 30 40 31 39 
52 28 65 17 87 63  4 72 17 74 12 30 14 100 33 13 21 46 98  0 20  1 59 50 33 73 52 16 64 95 
10 16 97 84 27 77 94 63 47 14 23 35 86 14 30 54 69 52 45 20  0  5 35 47 62 100 14 94 93 25 
57 75 38 35 33  6 50 50 84 94 60 88 62 22 68  7 70 58 87  1  5  0 31 73 36 29  8 57  1  2 
52 44 90 72 79 44 67 19 95 24 37 62 100 44 57 80 51 68 20 59 35 31  0 39 28 91 32 76 45 69 
78 96  2 45 70 62 84 33 44 94 77 42 12 75 98 70 80 18 29 50 47 73 39  0 22  2 88  1 80 30 
18  1  6 17 65 39 71 23  4 59 27 72 93 70 99 15 80 33 34 33 62 36 28 22  0 87 63 10  4 72 
84 20  1  8 74 26 39 59  5 25 75 22 44 61 81  6 78 55 28 73 100 29 91  2 87  0 94 48 17 97 
62 40 98 13 17 50 85 29 24 19 37 45 32 43 50 92 20 68 30 52 14  8 32 88 63 94  0 86 10 45 
58 14 94 33 17 99 25 20 25 57 90 48 39 15 69 31 17 73 40 16 94 57 76  1 10 48 86  0 75  1 
30 83 71 20 35 36 88 87 58 16  6 16 84 25 14 61 45 67 31 64 93  1 45 80  4 17 10 75  0  8 
47  8 79 90 19 65 45 79 57 13 12 47 57 47 55 78 74 41 39 95 25  2 69 30 72 97 45  1  8  0 

 0 68 63 45 72 77 57 22 44 36 18 23 37 38 82 14 28 91 68 34 83 27 86 20 77 41 70 44 42 66 
68  0 54 85 95 84 40 25 49 30 27 52 64 100 24 52 62 24 41 98 62 45 61 23 93 64 12 95 12 65 
63 54  0 51 11 86 97 56 19 69 17 72  9 34 18 97 30 26  6 84  5 41 18 74 91 93 13  6 27 24 
45 85 51  0 41 60 79 63 77 39 60 78 11 32 40 97 88 21 92 75  3 84 17 51 99 61 19 18 73 12 
72 95 11 41  0 28 39  6 14 18 71 38 93 74  6 88 41 36 47 44 46 66 66  5 75 36 93 66 87 80 
77 84 86 60 28  0 49 77 79  5 65 19 29 14 77 92 11 37 93 55 28 61  7 41 73 81 69 36 61 26 
57 40 97 79 39 49  0  1 27 65 44 80 48 43 99 38 85 11 13 97  7 54  8 29 37 54 54 51 27 85 
22 25 56 63  6 77  1  0 50 58 43 71 81 70 46 25 100 22 77 16 29 41 42 69 38 37 70 72 45 49 
44 49 19 77 14 79 27 50  0 86 99 62 75 44 29 23 74 46 81 75 60  1  1 54 100 46 85 63 43 38 
36 30 69 39 18  5 65 58 86  0 34  7 93 12 16 48 11 18 46 40 38 18 92 11 23 87 91 48 73 86 
18 27 17 60 71 65 44 43 99 34  0 71 43 49 85 15 21  6 38 88 87  5 75 11 92 25 72 45 71 93 
23 52 72 78 38 19 80 71 62  7 71  0 17 76 52 27 97 97 68 62 70 14 12 98 42 72 61 53 92 57 
37 64  9 11 93 29 48 81 75 93 43 17  0 19 45 65 57  5 28 85  5 33 23 95 16 22 97 15  7 95 
38 100 34 32 74 14 43 70 44 12 49 76 19  0 26 73 48 19 45 15 76 57 58 20 16 62 76 61 46 46 
82 24 18 40  6 77 99 46 29 16 85 52 45 26  0 71 95 51 50 60 87 25 96 21 30 36 57 14 54 57 
14 52 97 97 88 92 38 25 23 48 15 27 65 73 71  0 98 22 48 78 64 85 43 49 79 99  9 92  9 30 
28 62 30 88 41 11 85 100 74 11 21 97 57 48 95 98  0 73 13 23 52 46 61 52 31 56 70 80 31 27 
91 24 26 21 36 37 11 22 46 18  6 97  5 19 51 22 73  0 40 59 12 64 66 51 38 49 11 17 35 62 
68 41  6 92 47 93 13 77 81 46 38 68 28 45 50 48 13 40  0 42 76 28 94 83 42 53 100 25 66 67 
34 98 84 75 44 55 97 16 75 40 88 62 85 15 60 78 23 59 42  0 47 92 58 73 60 70 33 86 38 42 
83 62  5  3 46 28  7 29 60 38 87 70  5 76 87 64 52 12 76 47  0 82 45 41 54 10 65 62  4 57 
27 45 41 84 66 61 54 41  1 18  5 14 33 57 25 85 46 64 28 92 82  0 54 46 55 77 57 13 48 56 
86 61 18 17 66  7  8 42  1 92 75 12 23 58 96 43 61 66 94 58 45 54  0 48 48 38 75 27 83 52 
20 23 74 51  5 41 29 69 54 11 11 98 95 20 21 49 52 51 83 73 41 46 48  0 95 98  7 40  2 81 
77 93 91 99 75 73 37 38 100 23 92 42 16 16 30 79 31 38 42 60 54 55 48 95  0  8 40 69 75 47 
41 64 93 61 36 81 54 37 46 87 25 72 22 62 36 99 56 49 53 70 10 77 38 98  8  0 63 40 81 20 
70 12 13 19 93 69 54 70 85 91 72 61 97 76 57  9 70 11 100 33 65 57 75  7 40 63  0 51 71  8 
44 95  6 18 66 36 51 72 63 48 45 53 15 61 14 92 80 17 25 86 62 13 27 40 69 40 51  0 79 48 
42 12 27 73 87 61 27 45 43 73 71 92  7 46 54  9 31 35 66 38  4 48 83  2 75 81 71 79  0 64 
66 65 24 12 80 26 85 49 38 86 93 57 95 46 57 30 27 62 67 42 57 56 52 81 47 20  8 48 64  0 
