 0 23  7  2 25 22  9 21  1 21 21 14 30  1 10 
23  0 16 10 27 16  4 25 12 16  2  8 14  4  1 
 7 16  0  3 25  5  7 12  2  6 23 21 24 26  9 
 2 10  3  0 13 12 22  6 29 29  6 18 13 14  6 
25 27 25 13  0 23 21 26 28  2  5 11 11 23 16 
22 16  5 12 23  0 30 27  1 28 30  9  3 28 30 
 9  4  7 22 21 30  0 25  4 23 19 12 26  7 10 
21 25 12  6 26 27 25  0 14 23  3 29  4 20  9 
 1 12  2 29 28  1  4 14  0  4 18 20 29 18 12 
21 16  6 29  2 28 23 23  4  0  9  8 21 19  6 
21  2 23  6  5 30 19  3 18  9  0 16  6 27 21 
14  8 21 18 11  9 12 29 20  8 16  0 22 11 16 
30 14 24 13 11  3 26  4 29 21  6 22  0  5  8 
 1  4 26 14 23 28  7 20 18 19 27 11  5  0 10 
10  1  9  6 16 30 10  9 12  6 21 16  8 10  0 

 0 26  8 30 29 24  3 19  1 14 13 17 18 27 22 
26  0 22  6 16 21 19  2 20 16  3  2 18 26 19 
 8 22  0  4  2 20 28 12 23  5 12 15 15 15 29 
30  6  4  0 13  5 16 16 27  1  4 24  3 11  5 
29 16  2 13  0 10  2  8  8  6 28  6 10 25  7 
24 21 20  5 10  0 25 26  6  5  1 15  7 19 21 
 3 19 28 16  2 25  0 25 13 12  3  8  2 16 11 
19  2 12 16  8 26 25  0 20 21  2 24 24 15 26 
 1 20 23 27  8  6 13 20  0 23 12 29 21 19  3 
14 16  5  1  6  5 12 21 23  0 20 21 23  1 28 
13  3 12  4 28  1  3  2 12 20  0 29 28 21 21 
17  2 15 24  6 15  8 24 29 21 29  0  5 17 30 
18 18 15  3 10  7  2 24 21 23 28  5  0 11 15 
27 26 15 11 25 19 16 15 19  1 21 17 11  0 14 
22 19 29  5  7 21 11 26  3 28 21 30 15 14  0 

 0  1  9 25 12 23 10 26 22 23  1 11  4 30 19 
 1  0 16  5  6 28 12 17 11  3 30  2 29 13 12 
 9 16  0 20 15 26 18 18  4 19 23  7 23 25 18 
25  5 20  0 11 24 29 28 27 14  9 11  4 23 11 
12  6 15 11  0 30  4 12 26 28 15 13 12 20  8 
23 28 26 24 30  0  7 17  7 18 15 14 20 27  3 
10 12 18 29  4  7  0  8 17 25  3  9 27 24  3 
26 17 18 28 12 17  8  0 10 27 10 22  4 16 30 
22 11  4 27 26  7 17 10  0 12 21 11 21 29 30 
23  3 19 14 28 18 25 27 12  0  9  9 13  9 22 
 1 30 23  9 15 15  3 10 21  9  0 25 17 13 11 
11  2  7 11 13 14  9 22 11  9 25  0  6 18 25 
 4 29 23  4 12 20 27  4 21 13 17  6  0  2  8 
30 13 25 23 20 27 24 16 29  9 13 18  2  0 13 
19 12 18 11  8  3  3 30 30 22 11 25  8 13  0 
