 0  7 27 15  3 22 29 20 21 25  5 18 
 7  0 18 27  5 25 26  3 30 12 16 18 
27 18  0 23  3 27 27  9  5  6  1  8 
15 27 23  0 26 25  9 27 22 26 12 16 
 3  5  3 26  0 13 22 19 13 27  2 11 
22 25 27 25 13  0 16 18 29 25 29 21 
29 26 27  9 22 16  0  5 18 28 28 16 
20  3  9 27 19 18  5  0 22 15  1  6 
21 30  5 22 13 29 18 22  0 21  4 29 
25 12  6 26 27 25 28 15 21  0 14  2 
 5 16  1 12  2 29 28  1  4 14  0 28 
18 18  8 16 11 21 16  6 29  2 28  0 

 0  1  9 20  1 22 13 15 19  5  3 16 
 1  0 30  5 22 17 26 29 24 10 19  2 
 9 30  0 23 25 25 30  3 27  3 28 23 
20  5 23  0 27 25  6 18  4 18 16 19 
 1 22 25 27  0 28  4  4  2  8  2  2 
22 17 25 25 28  0 25 29 27  8 25 12 
13 26 30  6  4 25  0 16 16  1  8 16 
15 29  3 18  4 29 16  0 28  4 16  8 
19 24 27  4  2 27 16 28  0 18  6 26 
 5 10  3 18  8  8  1  4 18  0 10 25 
 3 19 28 16  2 25  8 16  6 10  0 28 
16  2 23 19  2 12 16  8 26 25 28  0 

 0  8 16  4 11 16 11 22 17 24 10  9 
 8  0  9  5  9 25 29 14 11 30 12 12 
16  9  0 15 20  3 25 25  9 11 18  7 
 4  5 15  0 18  2  5 28 24 10 29 26 
11  9 20 18  0 23 20 21 13 21  4 17 
16 25  3  2 23  0 25 12  9 12  7 18 
11 29 25  5 20 25  0  6 16 18 17 28 
22 14 25 28 21 12  6  0 11  1  8 12 
17 11  9 24 13  9 16 11  0 13 19 17 
24 30 11 10 21 12 18  1 13  0  4  8 
10 12 18 29  4  7 17  8 19  4  0 12 
 9 12  7 26 17 18 28 12 17  8 12  0 
